%YAML:1.0
---
hcg: !!opencv-matrix
   rows: 4
   cols: 4
   dt: d
   data: [ -2.8131993800665789e-01, 3.8944498221424240e-01,
       -1.3179118159771177e+00, 8.3830136780205436e+01,
       -5.4737857438711390e-01, 9.7268444396380815e-01,
       6.5841175743360869e-01, -4.2678448177407432e+01,
       7.9055969057043973e-01, 9.3106817798706953e-01,
       -1.5115105690905029e-01, 4.7629814945393228e+01, 0., 0., 0., 1. ]
